Tomato_4_jpg.rf.d6fc94047d47a952ffd38d35a2c7ce17.jpg 397,902,1392,1277,7 1459,644,2609,1694,6
Tomato_26_jpg.rf.1a6bcbff7556de55ce71c132d14f035d.jpg 1,313,418,523,7 478,262,987,824,6
Onion_1_jpg.rf.3947e1033bda5f963366d32017ee0dba.jpg 451,549,1067,823,7 1086,406,1900,1212,3
Orange_36_jpg.rf.e5c1856722afac16188510a412335063.jpg 186,207,579,612,4 0,369,200,514,7
kiwi12_jpg.rf.b461577388279040c1a58ff3e12817b3.jpg 169,41,262,176,5 57,16,180,177,5
Banana_14_jpg.rf.7e61bb8596ebf4f013ba6feff74d00db.jpg 52,426,255,608,7 185,64,825,483,1
Banana_23_jpg.rf.069912191b4248e044443ca9c246e7eb.jpg 379,1,488,113,7 367,57,705,601,1
Tomato_6_jpg.rf.b3ca6b6cd94e077009f8f3d11c18b3e9.jpg 372,860,1417,1390,7 1626,498,2842,1819,6
Onion_48_jpg.rf.5f8cdced111fd2c17213bb46ad60bddf.jpg 603,320,2075,1709,3 1875,1170,2932,2145,7
Apple_35_jpg.rf.28e8d2ba8c0bcebb363eb4e0e66e88dc.jpg 5,839,635,1322,7 631,151,2181,1756,0
Banana_8_jpg.rf.0fca44abef40e706c2c493583ec6e70d.jpg 233,74,710,551,1 154,483,392,608,7
Orange_13_jpg.rf.6c0f966310ea87884f14b25e89919d28.jpg 1,165,267,278,7 287,49,571,327,4
Qiwi_51_jpg.rf.5db8cc8f5e9dbf85308a969bd3b2d975.jpg 544,1228,1208,1904,5 340,1804,880,2248,7
Qiwi_14_jpg.rf.e7fa2a8865253043d1746dc806a35570.jpg 86,145,239,314,5 1,311,144,432,7
Tomato_1_jpg.rf.eb562a125dc8579ff05861b700072ffd.jpg 1634,431,2863,1760,6 472,973,1580,1410,7
Banana_33_jpg.rf.68c7753a894d603d5f72ea40bea5ec66.jpg 1581,77,2555,2229,1 2022,2151,2368,2432,7
Carrot_22_jpg.rf.dcbf6bbf6c268eebddb8ed57f8181476.jpg 253,223,490,328,7 361,342,820,487,2 480,61,920,253,2 747,296,1110,433,2 504,548,944,709,2
Onion_20_jpg.rf.3cd93ab39ecd188a2c7c1667313726cc.jpg 999,331,1952,1270,3 125,419,950,817,7
Banana_11_jpg.rf.4ca58be8a9faa121f38c1fe45fb45043.jpg 1,233,179,355,7 119,89,845,323,1
Banana_15_jpg.rf.f0ef042f9cd7700afa1196a5aa077bed.jpg 94,118,965,351,1 1,281,193,448,7
Tomato_27_jpg.rf.a6a1382d16725a6f9eb888813b683369.jpg 451,133,1031,762,6 1,351,383,569,7
Carrot_18_jpg.rf.4d39cf39671a9505b85ca06d2caafde2.jpg 1883,1894,2212,2432,7 1051,603,2521,1316,2 1321,1068,2173,1942,2
onion3_jpg.rf.5eba4cc100ef1bdf597aca954c6b6cb3.jpg 650,52,813,211,3 320,60,494,233,3 11,172,275,409,3 333,219,633,531,3 4,410,207,560,7
Apple_39_jpg.rf.cd4fb2b30c6d1030a5bea9f529f51a47.jpg 24,680,745,1191,7 651,212,2043,1668,0
Qiwi_28_jpg.rf.8e26d04326bb8bca3e294cfba27f232b.jpg 1104,1272,1704,1876,5 1146,1832,1472,2248,7
Apple_54_jpg.rf.e944ff3aa84be49d1be96df423d3050c.jpg 417,310,2277,2189,0 1009,0,1329,396,7
Tomato_29_jpg.rf.80085ab4ce1e6679af8a59f25695a1a7.jpg 62,135,271,219,7 303,105,553,335,6
Carrot_11_jpg.rf.edf4793ca42826ec748dd5b21c544023.jpg 1325,894,1629,2007,2 1273,1955,1642,2432,7 1364,416,2325,1686,2
Onion_22_jpg.rf.3f67993aae776fa2fa2275e9be49c663.jpg 950,266,1729,1044,3 274,466,953,721,7
carrots22_jpg.rf.0ba77ed94669c07db2bfb66755e61d1d.jpg 145,279,465,403,2 11,443,303,527,2 243,560,596,661,2 7,687,310,797,2 14,817,336,928,2
Tomato_5_jpg.rf.c67053720aec934a98dcfe4c54fd1462.jpg 730,640,1597,1077,7 1659,423,2651,1477,6
Tomato_47_jpg.rf.4b3a53ec105e0a2526a9b327b43ebd51.jpg 289,103,641,415,6 1,184,246,302,7
Qiwi_1_jpg.rf.f037e37ad637cbd347bede899665fd71.jpg 1,362,173,491,7 141,249,302,395,5
kiwi13_jpg.rf.00b3165c7501fa5363890700bbe9a20d.jpg 9,83,100,196,5 108,112,242,197,5 82,6,204,117,5
Carrot_33_jpg.rf.32f9c19b8296405cbe09fd4309e02911.jpg 182,198,445,310,7 469,67,909,342,2 740,279,1178,448,2 278,321,839,483,2 425,587,1023,748,2
Tomato_31_jpg.rf.b188f5851acab4f23e7112f03f47ca52.jpg 296,221,655,536,6 14,244,303,378,7
Orange_17_jpg.rf.83aec2da60ecf089fa9afcbb151a0279.jpg 221,46,473,292,4 1,80,191,165,7
Banana_9_jpg.rf.eff7a2ec4610a9ebfe2b53af2cda2fbe.jpg 18,426,289,608,7 76,61,687,503,1
Orange_4_jpg.rf.2217d871554d425fd3f73a2baf08306d.jpg 1,1217,735,1787,7 708,207,2508,2121,4
Orange_22_jpg.rf.aec8dc0a8ef456b618940085ed9049e4.jpg 1,139,187,220,7 194,46,442,293,4
onion1_jpg.rf.6b09d8dc9ef27ed7f6c3296cda281c79.jpg 693,144,836,294,3 348,130,519,309,3 176,187,350,289,7 590,353,751,509,3 99,315,360,558,3
Apple_15_jpg.rf.349e4837f2c13cd1f8501e31bc9e132b.jpg 2,232,180,320,7 186,183,439,415,0
Qiwi_47_jpg.rf.c648157950ed2b77518fc4f638101012.jpg 804,1224,1424,1872,5 488,1704,1000,2152,7
Onion_32_jpg.rf.fdefeed8edfa4c461b52dfa4638a1d72.jpg 276,134,2169,2023,3 1676,1266,3063,2448,7
Apple_23_jpg.rf.143d8753b9ec01a46f331fa007ac4679.jpg 8,113,211,198,7 242,60,479,283,0
kiwi4_jpg.rf.d3f631d524f7617adf66495c5e6c8f2f.jpg 39,69,105,146,5 97,78,153,149,5 187,16,256,90,5 103,26,155,89,5 142,47,204,127,5
Appls1_verti_jpg.rf.d19f96066cd2d5e6e4e75a7c60b5236d.jpg 312,161,392,309,7 151,271,326,457,0 366,351,541,535,0 33,440,198,620,0 226,615,423,806,0
Orange_14_jpg.rf.74d90d5a072e3d3a98169e18035dcfc8.jpg 1,118,141,173,7 150,73,305,224,4
Apple_75_jpg.rf.d6c7323e349ed7f7a44dc61872a34875.jpg 42,1347,715,1716,7 634,905,1407,1647,0
Tomato_21_jpg.rf.22f2cfccdbcadbf9367a407345df2983.jpg 351,598,1455,1185,7 1526,477,2742,1823,6
Orange_20_jpg.rf.80aa3f2f607c313a3168d6c63ea23b88.jpg 1,219,317,345,7 330,96,654,411,4
Tomato_33_jpg.rf.906253998d0d002f2ea5e42080fefd5c.jpg 405,185,879,596,6 1,230,407,417,7
Tomato_40_jpg.rf.c38bd22975dd98ff7ffe8e8618afcf25.jpg 1,260,283,402,7 273,83,690,519,6
apples11_jpg.rf.e0f81809fba41943127eef730f5a06f8.jpg 365,37,582,250,0 649,101,862,303,0 222,302,420,508,0 486,315,689,526,0
Tomato_49_jpg.rf.8443f10bf070f1341927e2fe73db700d.jpg 267,56,624,373,6 1,130,274,248,7
Onion_9_jpg.rf.31d1fffa4df2875cafc12088fe53a085.jpg 146,378,952,804,7 924,257,1827,1181,3
Onion_3_jpg.rf.37437c9bfe8fb7d58e733c238094e21a.jpg 1101,204,2112,1178,3 59,580,886,946,7
onions12_jpg.rf.391c3662327e7081990993388b950f7e.jpg 175,242,353,505,3 418,484,601,656,3 6,592,289,816,3 323,773,565,1005,3
tomatos12_jpg.rf.7080f1801a4230e8023ba7b6815f66d8.jpg 758,45,922,188,6 444,227,605,374,6 779,267,930,403,6 1043,363,1240,517,6 458,433,640,576,6 531,5,649,128,6 699,580,907,758,6
carrots21_jpg.rf.034db7436f6443fa6fec9000a0b41ee5.jpg 547,125,627,385,2 209,235,390,560,2 707,279,843,526,2 866,232,1125,591,2 442,347,603,637,2
Onion_34_jpg.rf.6bb7dc2e53fb7b6a7e583f167d092afe.jpg 1698,1370,2793,2448,7 526,359,2126,1984,3
Carrot_29_jpg.rf.c3a7ba59ffd508cee3ae1c6bbf3137aa.jpg 44,632,179,1058,2 457,786,597,1221,2 516,382,668,745,2 216,366,377,829,2 1,419,184,569,7
Banana_30_jpg.rf.55f58b86be61e94e3b8d8de0eb9090eb.jpg 1427,245,2825,2403,1 1535,1,1951,464,7
carrots3_verti_jpg.rf.9a509e933af544817b7faa85dee8707e.jpg 201,138,269,299,7 206,284,337,637,2 402,361,514,625,2 18,300,187,726,2 337,564,449,877,2
Onion_26_jpg.rf.52e1b2907c9aa51fb840d894a6fe6f1b.jpg 1618,1518,3228,2448,7 278,496,2245,2448,3
Apple_40_jpg.rf.4b582d0a3fa205b678d05c98e8181cc3.jpg 421,842,1335,1329,7 1331,295,2498,1442,0
Carrot_35_jpg.rf.08526f52396e3df8baf3500338ae053a.jpg 72,291,309,401,7 431,614,851,767,2 645,356,1105,501,2 464,60,845,158,2 567,147,985,312,2
Apple_64_jpg.rf.d2c490f5187a09a435320e91c5d320a4.jpg 715,1662,1150,2208,7 734,962,1619,1724,0
Orange_41_jpg.rf.147cd526d39bb0ed35e87e6256b97ea0.jpg 849,86,2404,1734,4 1,934,904,1488,7
Tomato_50_jpg.rf.fa0f74098d4978498deed8c86222295c.jpg 273,1280,987,1725,7 729,557,1490,1343,6 1413,769,2120,1522,6
Tomato_20_jpg.rf.34ec387d23cc454832809692ebbf10b4.jpg 317,740,1472,1319,7 1597,644,2888,2023,6
Apple_13_jpg.rf.29e0fe369903e012ef7038853d27d30b.jpg 14,224,366,388,7 359,53,793,465,0
carrots3_hori_jpg.rf.9375812f73d04f8e6daa03c7e40ac6cb.jpg 421,28,854,185,2 857,200,990,268,7 524,215,873,327,2 290,339,587,439,2 537,400,791,523,2
carrots2-and-apple_jpg.rf.ac331377a98651f2a7beff04e8f44216.jpg 384,37,542,329,2 613,69,734,327,2 182,151,371,374,2 527,292,664,559,2 204,403,377,482,7 1074,4,1149,92,0 938,9,1080,143,0
Apple_12_jpg.rf.4914aa309258d4748bebe08c78cb1737.jpg 190,63,613,504,0 5,215,216,363,7
Banana_6_jpg.rf.95d6f6ca7c5bc6f130e129372cff03a1.jpg 185,137,911,417,1 4,223,222,320,7
kiwi3_jpg.rf.f8632d8e603546dfc03512ad8977a84f.jpg 122,92,194,175,5 53,104,149,223,5 9,111,73,217,5 106,9,204,122,5
Carrot_24_jpg.rf.b7c5865394e7354fdaf932f47a1d2180.jpg 256,218,471,331,7 567,87,974,214,2 705,239,1128,379,2 428,348,782,485,2 632,483,1058,706,2
Qiwi_20_jpg.rf.2874394a8aaeff2c16722c7188acc4ee.jpg 42,267,174,395,7 103,126,256,284,5
Onion_6_jpg.rf.bc9f71daa6dc0574d30212eb3020a020.jpg 41,497,899,838,7 1137,253,2142,1266,3
Apple_17_jpg.rf.e5e5f10977c95eb0dc7080b98c56e01d.jpg 3,127,239,256,7 276,82,603,389,0
Onion_12_jpg.rf.46fd68e5bae8ddf646dbb1bafd33bfdf.jpg 304,356,1092,798,7 1077,230,2171,1248,3
Tomato_41_jpg.rf.7b940079f6a25103f24f241fdf47f3d6.jpg 149,167,475,505,6 7,290,176,409,7
Apple_47_jpg.rf.ecb669f2e5e13970b8267b12a216ca71.jpg 5,909,941,1412,7 895,231,2671,1926,0
tomatos13_jpg.rf.8210b33b949492b80dc464059192a556.jpg 596,125,886,412,6 919,254,1323,649,6 330,354,651,673,6
Onion_10_jpg.rf.6dcb37f298776ccbaf64d844251d11e4.jpg 191,436,929,797,7 969,383,1788,1197,3
Tomato_42_jpg.rf.533c541739a86f757aeb9d85f66f8bfc.jpg 1,112,275,282,7 255,46,720,465,6
Carrot_0_jpg.rf.038b5bb5011535c13db8579457de7f45.jpg 123,162,500,281,2 1,244,143,346,7
Apple_21_jpg.rf.93947f4f732c790a7e0c2a0da9866fd1.jpg 32,223,309,338,7 321,132,626,463,0
Orange_11_jpg.rf.90ef17c522ddec4d2ee93ffe24a890cc.jpg 0,1370,300,1946,7 233,1367,1810,2964,4
Appls4_jpg.rf.64f6b89546eb853efb77799cc13bc4bc.jpg 480,35,643,213,0 266,55,444,239,0 675,150,867,341,0 78,258,267,346,7 322,272,521,465,0
Qiwi_35_jpg.rf.7d9da9e30ba1c25ddb8fede00c9cc3e1.jpg 1764,1612,2060,2212,7 1464,968,2112,1604,5
Carrot_16_jpg.rf.d3968500f07c0fa0595811573e76e44d.jpg 412,1533,1016,2068,7 764,738,1947,1038,2 929,716,2455,1629,2
Carrot_31_jpg.rf.a7da03b510f8957a347d49f30836392c.jpg 240,348,547,491,7 472,191,856,431,2 748,61,1204,283,2 798,312,1328,572,2 494,525,1112,698,2
Tomato_15_jpg.rf.db5cfa77b024e59e9571f8d3f7f2658f.jpg 1148,740,1762,1718,7 647,1783,1996,3013,6
Carrot_4_jpg.rf.3c93f19102edc16e4e19cdee5a36296e.jpg 638,1203,2181,1677,2 90,1364,747,1790,7
Banana_25_jpg.rf.6e0272777a5cf247133e802a65e874f6.jpg 105,1416,1023,2250,7 570,407,3118,1698,1
Apple_19_jpg.rf.c3040405a0b9a5ea5152b3ed1b16ac9e.jpg 13,245,278,357,7 330,145,636,464,0
Tomato_0_jpg.rf.cb8cb05ac7c56ddac861a377f8013de6.jpg 397,810,1572,1260,7 1684,452,2901,1706,6
Carrot_10_jpg.rf.e0d296ee14dd7124e63dbb8204a85052.jpg 609,487,2161,1296,2 973,1107,2195,1520,2 447,1473,1125,2112,7
Onion_36_jpg.rf.00c3e07802fb41c83d5a6b1b355d40e4.jpg 1641,1538,2698,2448,7 266,409,1930,2073,3
Apple_7_jpg.rf.df808c0b7c3c4b13d4f70e209d2b5bf2.jpg 5,273,326,435,7 333,105,778,534,0
Apple_0_jpg.rf.253becf7b5cba4e1a7677f546578a0fd.jpg 241,180,513,452,0 195,428,340,562,7
Apple_16_jpg.rf.5cf1385968bcf26ada4c394cb60cee8e.jpg 6,112,219,455,7 72,355,641,953,0
kiwi1_jpg.rf.30d7e464d0b2499427dc9d4a5c779021.jpg 28,10,172,210,5
Tomato_30_jpg.rf.499b34f9fdf93fe21dc1102de65d124a.jpg 1,286,232,391,7 291,239,630,532,6
Apple_31_jpg.rf.1c3c43198ce46d513d05ffee37185306.jpg 985,458,2305,1809,0 5,1022,998,1526,7
apples16_jpg.rf.acc9850fb5716a6f844983f5c8a5aeac.jpg 470,65,666,264,0 794,242,994,444,0 152,257,369,467,0 476,318,678,531,0
Apple_5_jpg.rf.14e8c24648da8ecdf6d14d665bf3552f.jpg 10,290,330,438,7 323,94,745,501,0
Orange_15_jpg.rf.c632beedf749fd5f1ccb3eeeb06cc136.jpg 1,145,175,213,7 185,71,368,252,4
Onion_25_jpg.rf.2a9a60e09c74eb5fd4c7559f8be7f4d9.jpg 594,280,2291,2109,3 1926,1145,3264,2296,7
Tomato_14_jpg.rf.d50551477100d64b1372511a93ebe329.jpg 142,452,1534,1006,7 1609,119,3088,1577,6
Apple_26_jpg.rf.8f3f11f08d480f7e139671496c9c7af9.jpg 220,1175,2154,3174,0 23,422,752,1542,7
Onion_18_jpg.rf.86fa322f8e0c2967d1b3a92bcc2a081b.jpg 256,238,1112,755,7 1108,170,2116,1102,3
Carrot_6_jpg.rf.9be1c8d0114cbc5aed87e42b8f3fabfa.jpg 1951,699,2316,1746,2 1355,590,2095,2046,2 1706,2033,2038,2432,7
Banana_17_jpg.rf.dacdd657b3ce68e3c4ec3fa0bbc27d93.jpg 178,426,375,589,7 237,59,544,510,1
Onion_19_jpg.rf.fd200a8e1da195d9d72abae504d4471a.jpg 320,570,1107,978,7 1103,380,2022,1274,3
Onion_24_jpg.rf.e0fdcdaaee819c566a77409d2bb0bf4c.jpg 1923,1130,3264,2249,7 591,270,2298,2105,3
Onion_17_jpg.rf.953cc1de22d2bd06e11515fb4d82f659.jpg 207,268,1042,751,7 1031,157,2071,1121,3
carrots6-and-apple_jpg.rf.3c53cfb12cee1ac23492a39faaa88a69.jpg 339,39,757,167,2 494,173,849,279,2 223,173,349,512,2 30,315,209,413,7 958,277,1150,480,0 469,287,627,560,2
Apple_52_jpg.rf.0ec2d8aaf0644beda601797843bf5165.jpg 5,979,818,1569,7 741,278,2431,1939,0
Orange_5_jpg.rf.08dbe7f04759a5fd820bfd209ad901d2.jpg 1,1507,746,2258,7 970,289,3083,2448,4
Apple_1_jpg.rf.b3d1959ee816829dee9f5e10a42c0433.jpg 188,137,472,394,0 24,351,250,536,7
Apple_82_jpg.rf.1bf412a0c5ba93667c15a407d4a7464f.jpg 1,1162,661,1678,7 465,424,1580,1389,0
Tomato_18_jpg.rf.cae725bc6de486e87e9c9fd7cd3e57ce.jpg 1376,481,2813,1740,6 51,735,909,1223,7
Carrot_27_jpg.rf.6d0b01ae72359e85dff915fe20804634.jpg 55,577,188,975,2 440,736,564,1127,2 236,332,384,764,2 512,349,653,688,2 610,958,777,1135,7
Banana_22_jpg.rf.fbbeef1822de5486fa3e22978f226eb6.jpg 402,1,535,107,7 411,45,772,558,1
Onion_38_jpg.rf.9c456197f3dff86665490c2001c3db99.jpg 373,391,2037,2073,3 1744,1491,2731,2448,7
Orange_32_jpg.rf.08beb0fd6af858b6c22f80b455c2c1a6.jpg 34,1367,547,1863,7 515,779,2191,2587,4
Apple_77_jpg.rf.3f02177dad5a8410da9cc0a0912bcd7d.jpg 1446,1308,2153,1993,0 1830,1928,2115,2248,7
Qiwi_27_jpg.rf.824e96ff575d9c407f9be75eb422a9a9.jpg 621,1908,1052,2248,7 756,1344,1472,2008,5
Qiwi_36_jpg.rf.214133b243ba28e21ad3e1ffa3e319c8.jpg 896,1144,1508,1772,5 572,1664,1096,2188,7
Banana_18_jpg.rf.c764f19dec0d60d2652a2b237e8ff18a.jpg 1,353,195,543,7 79,102,720,422,1
carrots1_verti_jpg.rf.96d2fbe3690d458f7d80ca90bf0545a6.jpg 178,304,287,531,2 313,317,416,539,2 24,499,138,769,2 115,530,244,823,2 430,550,552,815,2 261,542,404,937,2
Onion_2_jpg.rf.3a32f3c548c9b7932aba2b9c6041c21e.jpg 24,630,899,990,7 1083,230,2105,1232,3
Banana_20_jpg.rf.2360c1c83036574096b66553594ff222.jpg 1,404,232,559,7 77,131,951,471,1
Qiwi_10_jpg.rf.b41871934b463b402fb92e83f184d1da.jpg 206,231,416,410,5 1,273,211,379,7
Apple_43_jpg.rf.0528043d88d0245b57308930630809b1.jpg 8,749,1215,1326,7 1215,191,2628,1516,0
Qiwi_0_jpg.rf.50c5a103f248b4387d770b4c105c358d.jpg 152,248,369,426,5 1,392,195,535,7
onion4_jpg.rf.90b22db82099f2602ec2043ff14ad775.jpg 410,55,561,235,3 168,80,362,264,3 687,117,827,260,3 126,299,304,414,7 394,295,609,521,3
Carrot_2_jpg.rf.2691e290b05e0acb030875bf40100707.jpg 161,302,544,419,2 28,342,187,449,7
Orange_12_jpg.rf.547d21a56180ede1342e910f9a1ac131.jpg 1,101,122,163,7 130,76,303,246,4
Onion_39_jpg.rf.e93080b30a68191fa4756bb0f7c1a80b.jpg 391,370,2034,2048,3 1484,1595,2493,2448,7
Apple_70_jpg.rf.e57240c35a01cea26c173d370b7d3663.jpg 280,1397,1030,1947,7 846,678,1742,1570,0
Carrot_25_jpg.rf.124fce5afc88574e0bfc8fa965c06684.jpg 70,649,223,1153,2 451,701,614,1153,2 225,308,381,795,2 549,314,755,673,2 403,158,527,425,7
Carrot_28_jpg.rf.99b899ebd3b904d6b4af3ee08eac121a.jpg 57,645,197,1064,2 231,384,392,827,2 518,388,670,751,2 468,788,618,1216,2 249,1140,379,1347,7
Orange_0_jpg.rf.b1ad30eab6496007a93340f931b3744f.jpg 48,464,2214,2623,4 921,54,1544,422,7
Banana_2_jpg.rf.969fb406659ce1f4f6498cdfc9f42468.jpg 2,356,220,521,7 103,53,656,437,1
Banana_4_jpg.rf.f184a04e0f7f14db4afa11961fcf9a75.jpg 93,85,661,457,1 1,377,207,564,7
Banana_26_jpg.rf.84f08641e7c6cd7c8690959ce32fe0ca.jpg 537,1998,1340,2432,7 1214,211,2849,2250,1
Orange_30_jpg.rf.5b85b6600d11f78749df4e64d964fdff.jpg 1,325,358,535,7 345,125,909,691,4
Qiwi_25_jpg.rf.c6a6045ab4f377e0797da968d31001d3.jpg 255,1668,1184,2248,7 1020,1096,1876,1796,5
kiwi7_jpg.rf.9141d68da24991e4ffcf6244f2a97547.jpg 24,55,95,155,5 156,77,222,171,5 149,20,219,111,5 88,57,146,135,5
Apple_8_jpg.rf.a3ecf9b2c565660d119623262a40a604.jpg 207,396,405,562,7 310,128,579,414,0
Orange_35_jpg.rf.74d91a686cb896e93f0936e2b727ee9a.jpg 1,183,372,415,7 367,31,910,599,4
Tomato_35_jpg.rf.2fe80ba0c6d6c6a1655b88d852809a59.jpg 162,25,340,314,7 191,233,606,625,6
Tomato_32_jpg.rf.b2646a7698b76868e34edd615f2d92c6.jpg 672,314,923,432,7 316,220,659,539,6
Tomato_22_jpg.rf.dbabda022861693b48964d9ceff68fa2.jpg 1288,348,2742,1931,6 22,877,1109,1452,7
Apple_32_jpg.rf.7c68de00624ca6dcc8e7af0d43aeed56.jpg 1,896,731,1322,7 705,198,2161,1686,0
Tomato_23_jpg.rf.d733bdbdfcad587ff6ef6bb0a9c984d7.jpg 51,706,1197,1331,7 1442,173,2955,1615,6
Apple_55_jpg.rf.aaf3e552d4fbbef3674e91413f4d2eeb.jpg 507,435,2278,2241,0 1005,0,1411,518,7
Qiwi_6_jpg.rf.12bb980a33c6e52520ee1d8b3da1d71c.jpg 105,211,259,340,5 1,267,114,358,7
Onion_7_jpg.rf.b4d337edc9deedcc89b144e00873a50d.jpg 25,508,924,868,7 1165,283,2191,1331,3
Apple_18_jpg.rf.a92fd67975cb38d83417549dd4da73f9.jpg 9,220,267,331,7 315,118,603,398,0
Apple_53_jpg.rf.ca3fee8f74b1778651f324e13bf18504.jpg 449,367,2281,2285,0 1036,0,1437,478,7
Onion_27_jpg.rf.5a9ac65d74ffa49e11b6c8bafee547a9.jpg 1619,1555,3124,2448,7 283,502,2259,2448,3
Tomato_24_jpg.rf.799fe256cb92b98d44563d6851a8eeb8.jpg 180,669,1367,1252,7 1526,473,3134,1906,6
Onion_21_jpg.rf.efe35e715d5ede4af4859478a2f37304.jpg 282,285,1146,706,7 1137,78,2124,1000,3
Onion_30_jpg.rf.8708138184a774b55d96561e9162eda8.jpg 333,73,2098,1744,3 1474,1373,2714,2446,7
apples12_jpg.rf.9838c1d345eb10994355e0750552c7a4.jpg 419,11,644,235,0 694,132,892,324,0 239,267,484,501,0 546,326,753,534,0
Orange_23_jpg.rf.31ce6d6f7a980fdc3d9d86693233db1c.jpg 1,204,278,323,7 294,93,583,389,4
Onion_43_jpg.rf.c45acb96b82dfae1e9e9e5d99e14935a.jpg 934,416,2148,1652,3 1762,1305,2687,2234,7
kiwi5_jpg.rf.8cada67045bb6e888edff2d2f538a050.jpg 104,52,198,156,5 1,86,92,188,5
Tomato_8_jpg.rf.8337efd71bad13245fb5e9a1de5a570c.jpg 561,1518,1998,3191,6 983,457,1679,1508,7
Qiwi_44_jpg.rf.75d28341baf51e2f76ee2ca29b898914.jpg 572,1568,1144,2060,7 896,1020,1472,1676,5
Qiwi_38_jpg.rf.118482eb751b8d2a3172956a0ed747ee.jpg 1092,1124,1728,1792,5 900,1700,1404,2236,7
Onion_31_jpg.rf.e1615f7ebef76e9aa3c89afbcacdedd2.jpg 280,141,2148,2027,3 1669,1288,3088,2448,7
Tomato_13_jpg.rf.8f388ee76e0383eefdf82a796173e8f9.jpg 580,777,1738,1244,7 1805,419,3059,1652,6
Tomato_11_jpg.rf.7f7b2f61ad9b28033e812e0cc7a5083f.jpg 34,606,1622,1277,7 1638,23,3184,1552,6
Qiwi_4_jpg.rf.c30ca6140a6366b9639f888359762413.jpg 112,200,265,361,5 40,340,184,454,7
Apple_84_jpg.rf.585d2cf586b424131379172879ba2229.jpg 1907,1666,2317,2248,7 1507,958,2238,1689,0
Banana_13_jpg.rf.eeb66fc7565576737067f9bce1a34b00.jpg 39,206,270,313,7 175,43,895,343,1
onions11_jpg.rf.3ea6cb33695bc54448369b67941fbdf2.jpg 193,240,344,470,3 415,457,596,609,3 19,543,279,752,3 312,724,527,927,3
Orange_10_jpg.rf.ee0f3af130c5208d1d5aa246f91d0a96.jpg 58,1239,989,2011,7 753,1616,2007,2916,4
Apple_20_jpg.rf.22ba3f121bb839ccff30541dca566f96.jpg 5,193,257,295,7 265,133,530,415,0
Onion_45_jpg.rf.ca6203010a53105ea17fc50d0cf3c109.jpg 1130,1198,2080,2095,7 580,198,1891,1520,3
Qiwi_42_jpg.rf.2e6486d8094eadf04d09c1228731c159.jpg 916,936,1540,1644,5 512,1588,1180,2080,7
Banana_10_jpg.rf.412f810206329cdde5658f1fc2665edc.jpg 1,376,229,588,7 63,76,759,455,1
Apple_4_jpg.rf.db341efff138a63f09bf5cba23e3d8f1.jpg 3,171,183,252,7 197,102,447,332,0
Apple_37_jpg.rf.59ae47eeaef9060694fe45f4b01601af.jpg 5,498,1125,1066,7 1175,51,2795,1676,0
Carrot_15_jpg.rf.732a307478dc37a05707a1d5b3bbbfc0.jpg 703,855,1855,1312,2 1151,764,2321,1925,2 846,1916,1325,2432,7
Onion_0_jpg.rf.cc9ac9bf1018002dde337b94b08c73b2.jpg 195,674,945,945,7 1062,395,1886,1215,3
Tomato_37_jpg.rf.1cbe7ad89a69872af9c97d520298a203.jpg 249,203,560,490,6 6,293,245,403,7
carrots5-and-apple_jpg.rf.317fa20d8128c61dfe9e161731addd02.jpg 444,15,643,256,2 155,30,388,384,2 598,147,904,304,2 969,260,1146,465,0 342,352,740,514,2 115,404,307,509,7
Tomato_44_jpg.rf.6b4fb7a9f76e91ee414fce17256466ee.jpg 416,104,820,527,6 35,197,392,364,7
Tomato_43_jpg.rf.d8b6464ae53c3d15cfdb2c126e2b3fec.jpg 1,69,247,192,7 243,5,594,326,6
Onion_37_jpg.rf.dcd945fc5a1f8abacb8f192e499d5760.jpg 366,377,2023,2066,3 1741,1513,2810,2448,7
Qiwi_30_jpg.rf.ca736c38f1ed01286d638a7f56fc23ad.jpg 804,916,1644,1652,5 1,1092,864,1456,7
Apple_86_jpg.rf.6c57f74f672559b0d98a9d11daae36e4.jpg 2288,1658,2773,2197,7 1730,1066,2434,1785,0
Qiwi_40_jpg.rf.e9cd5a74de69a12e9ac6b7c8c0596a7d.jpg 1000,1044,1624,1672,5 600,1600,1212,2128,7
Qiwi_46_jpg.rf.afb695f196872b5eef3dfbfb128700e1.jpg 1368,1604,1724,2168,7 1388,980,2024,1588,5
Orange_29_jpg.rf.b335d2a0c71a6b27542736245473bb3f.jpg 1,226,334,395,7 352,69,872,574,4
Apple_51_jpg.rf.7640be05e10b4dc0b0cd5b64600a799f.jpg 5,922,828,1429,7 768,231,2455,1892,0
Onion_13_jpg.rf.b54df8101f8a1d4c59f66920ac03cba9.jpg 299,146,959,619,7 944,32,1988,983,3
Orange_1_jpg.rf.475143a09483876673694f7d28e40977.jpg 29,1139,847,1740,7 769,1234,1814,2278,4
Tomato_3_jpg.rf.44692e5d71577f040bd4b92a4d671580.jpg 1201,19,2967,1619,6 26,340,1242,969,7
Tomato_9_jpg.rf.a3acba213e9d7e7c70e645ce93ac2fb1.jpg 297,744,1317,1285,7 1492,390,2859,1827,6
Orange_27_jpg.rf.e6b6587b7c0063833eb6e667e6c76215.jpg 1,426,309,633,7 338,89,925,697,4
Apple_71_jpg.rf.81e73e54330e4058821cb12512195c46.jpg 111,1408,1003,2039,7 753,547,1965,1581,0
Carrot_20_jpg.rf.a6b669b11152c0e746b76351457328f3.jpg 1577,1033,2155,2029,2 1464,525,2651,1555,2 1759,1973,2103,2432,7
kiwi8_jpg.rf.aac8922ef219e6e4e0fba35abf1bfd83.jpg 25,23,123,130,5 120,28,229,135,5
Apple_25_jpg.rf.095f6c17b64cfc751ac072060763cd83.jpg 25,802,717,1279,7 603,355,1931,1727,0
Orange_33_jpg.rf.0ea80701e7614978b6125c9b37d61f4f.jpg 29,19,211,243,7 64,197,518,789,4
kiwi10_jpg.rf.62a2f2c8806fbcb8e12065d8a94217d0.jpg 72,6,207,165,5
Qiwi_49_jpg.rf.61b6870f5d15c21914eeb0cbb052d312.jpg 1476,1336,2184,1920,5 1736,1876,2031,2248,7
Orange_16_jpg.rf.dfcafe07bc34fca2d70d31a2204e90bb.jpg 1,193,219,288,7 235,109,485,381,4
Banana_38_jpg.rf.a4c46cc0a57bbafc75ef346b1071466a.jpg 1,1346,881,1942,7 368,446,3281,1559,1
Qiwi_8_jpg.rf.de9d2a1699f45559b68ccdde771ff46c.jpg 62,337,244,444,7 231,209,412,378,5
Apple_14_jpg.rf.ef13a8e4c07d7c217b00abbd7f4664c6.jpg 2,277,250,439,7 230,162,653,601,0
Banana_24_jpg.rf.153b6c25c974001ef91ee0a2a8094cfd.jpg 21,447,177,584,7 54,226,651,487,1
Orange_8_jpg.rf.4804fb34e888b8162255a48819dbb9bd.jpg 9,1846,565,2343,7 510,1599,1895,3012,4
tomatos14_jpg.rf.817e2b7f5641ecea7b40a3f1ee1c8d4a.jpg 601,87,905,387,6 24,162,477,552,6 911,260,1273,604,6
Onion_15_jpg.rf.185f9eb2c344a89b3bc24ea5508fcbe6.jpg 450,304,1156,740,7 1137,183,2169,1104,3
onion2_jpg.rf.dec23f59607287730a6a4748e5867b4c.jpg 337,140,514,319,3 682,159,827,316,3 181,192,338,305,7 80,330,344,557,3 580,354,743,536,3
Tomato_34_jpg.rf.97f0a0b1717564ecf3f435e0a8187ccd.jpg 1,247,302,384,7 327,163,661,542,6
Carrot_32_jpg.rf.06f14418fcf6a29b4d583c97b2fd7959.jpg 658,48,802,447,2 513,245,650,647,2 821,379,991,748,2 863,172,1239,466,2 271,198,510,304,7
Orange_34_jpg.rf.39921c23502678b9080298d8b6f0e2d9.jpg 8,286,190,421,7 171,183,548,593,4
carrots4_jpg.rf.57c4235e8c89e08e86401a12d108580a.jpg 254,14,609,237,2 474,154,744,304,2 140,250,289,340,7 275,300,440,544,2 514,317,677,546,2
Onion_16_jpg.rf.9520bea88fe14e37c9208bb32489f52e.jpg 282,306,1059,764,7 1050,161,2105,1136,3
Carrot_7_jpg.rf.af4c53886f4ffdaeea7d49bbb7c95025.jpg 1943,1886,2299,2432,7 1316,555,2295,1868,2 1960,581,2481,1586,2
Tomato_39_jpg.rf.11380f841d5a3b144fecf1c0c6faab77.jpg 248,181,699,607,6 1,123,288,330,7
apples13_jpg.rf.c3ac33aeb03065578b500a82bcfc5b86.jpg 367,886,675,1208,0 66,266,356,557,0 433,484,736,795,0 21,622,329,926,0
Qiwi_12_jpg.rf.9b810c9b7337bcce6e91a90a33e7bc35.jpg 88,390,250,541,5 6,432,91,508,7
Tomato_25_jpg.rf.58e204e1d12eef282d11b4d89e224eeb.jpg 429,197,957,681,6 1,423,374,595,7
kiwi2_jpg.rf.cc5379503b5cde32bf6364a71b8756da.jpg 45,21,164,115,5 256,24,376,116,5
Tomato_12_jpg.rf.238979369ea0d29c2390f2f021824b05.jpg 1542,114,3317,1744,6 67,590,1413,1210,7
Tomato_7_jpg.rf.382c1e0bc53a6019cd2937dd14723040.jpg 342,844,1384,1448,7 1509,540,2742,1823,6
Onion_35_jpg.rf.0f8450d69942d14ab10be78bab5729b8.jpg 276,416,1923,2077,3 1644,1530,2667,2448,7
Tomato_45_jpg.rf.ea65dbf6131f0576f8eb598950eb0cc4.jpg 20,339,436,551,7 485,213,988,734,6
Appls3_jpg.rf.fed245a665b44808cd1f0bff29b0df4e.jpg 438,79,613,251,0 655,95,848,302,0 227,157,447,372,0 493,228,729,460,0 107,378,365,493,7
Qiwi_53_jpg.rf.0352131de0a2188dba32b432c4e147fe.jpg 816,1296,1528,1948,5 368,1720,996,2212,7
tomatos11_jpg.rf.65d9fb77e43b8c7deb2bd33167ac23df.jpg 740,47,855,163,6 351,59,482,171,6 563,160,671,267,6 140,209,266,308,6 764,300,887,424,6 371,350,502,476,6 562,399,687,523,6
Banana_5_jpg.rf.0f8e3eceb2fd3149a87ad4ee0274d51a.jpg 2,379,180,490,7 72,155,739,462,1
Onion_33_jpg.rf.760eb3b8a5918a7bc1f11d1bf3c5da04.jpg 534,370,2119,1977,3 1694,1355,2807,2448,7
Onion_46_jpg.rf.a739c118170b36ee4e7ae1e071da3c85.jpg 956,1453,2180,2676,3 1126,209,1659,1451,7
Banana_36_jpg.rf.ee987c86cb32dddbe66aa035ffe2c679.jpg 264,490,2921,1664,1 125,1486,955,2229,7
Qiwi_7_jpg.rf.23a09eb5e8bfcfc1672025944b94e0dd.jpg 320,265,471,420,5 352,424,428,562,7
Orange_25_jpg.rf.84348a11a74f100a0129d05c0d031dee.jpg 630,47,976,281,7 183,43,681,550,4
Qiwi_9_jpg.rf.a9ed0c0dd558ffac5144a6666f390009.jpg 1,272,131,382,7 102,158,260,302,5
Orange_3_jpg.rf.800d56960639fdd02b5b2e63ee686f65.jpg 1,1217,511,1759,7 473,241,2156,1996,4
Orange_19_jpg.rf.8811bf633031f28cf03ad117f4932440.jpg 1,164,241,288,7 273,30,652,416,4
tomatos15_jpg.rf.eb99e7ca73735731c0937bbbacdf3a33.jpg 627,27,907,315,6 197,274,552,609,6 884,375,1179,671,6
Tomato_2_jpg.rf.61faa9e9ef7f1bb67df4ef5940be0d90.jpg 588,865,1647,1410,7 1797,402,3151,1915,6